use 0 5 4 13 5
use 1 3 5 24 12
use 2 1 9 26 6
use 3 6 9 29 1
use 4 8 4 17 11
use 5 9 0 30 13
use 6 5 4 12 12
use 7 3 4 11 6
use 8 9 6 16 4
use 9 7 1 13 11
use 10 0 2 15 13
use 11 5 2 18 21
use 12 7 9 19 17
use 13 5 6 21 14
use 14 1 9 22 11
use 15 3 0 19 23
use 16 4 5 23 18
use 17 3 8 23 20
use 18 1 3 15 25
use 19 6 5 18 16
use 20 7 8 27 18
use 21 1 3 20 17
use 22 0 5 19 25
use 23 2 1 14 24
use 24 7 9 25 28
use 25 1 6 20 17
use 26 6 4 17 28
use 27 1 6 29 20
use 28 0 6 10 24
use 29 2 9 12 28
use 30 1 9 29 27
use 31 6 3 29 28
use 32 1 4 13 17
use 33 3 9 11 27
use 34 0 8 30 17
use 35 4 2 12 32
use 36 1 9 12 24
use 37 1 0 23 27
use 38 7 3 22 27
use 39 3 5 16 24
use 40 1 2 28 30
use 41 8 7 12 21
use 42 7 3 15 21
use 43 4 6 19 36
use 44 9 5 11 38
use 45 1 0 17 34
use 46 9 6 23 28
use 47 9 5 13 26
use 48 4 1 14 29
use 49 2 0 12 36
use 50 5 3 11 36
use 51 2 6 26 40
use 52 4 2 25 31
use 53 5 6 13 34
use 54 4 9 12 27
use 55 6 0 11 30
use 56 4 7 17 34
use 57 8 7 17 30
use 58 8 9 25 42
use 59 4 1 22 31
use 60 9 0 13 39
use 61 4 6 12 45
use 62 4 9 15 32
use 63 8 7 11 35
use 64 0 2 21 42
use 65 7 4 18 32
use 66 6 4 17 41
use 67 4 3 24 44
use 68 7 2 22 45
use 69 9 6 17 35
use 70 5 6 11 44
use 71 3 4 13 37
use 72 5 3 14 38
use 73 3 0 23 41
use 74 7 8 26 39
use 75 8 3 27 50
use 76 4 1 13 46
use 77 9 7 24 46
use 78 4 8 10 39
use 79 1 7 14 50
use 80 3 0 15 43
use 81 9 8 30 56
use 82 8 3 21 44
use 83 7 2 16 42
use 84 6 9 25 49
use 85 3 5 27 42
use 86 3 2 30 59
use 87 4 5 28 56
use 88 2 1 25 53
use 89 9 8 12 49
use 90 0 5 28 58
use 91 9 1 21 51
use 92 8 6 15 61
use 93 6 8 16 46
use 94 6 8 17 59
use 95 1 6 13 56
use 96 2 6 15 50
use 97 7 1 18 63
use 98 4 3 21 51
use 99 3 1 21 56
use 100 2 3 30 62
use 101 5 0 13 63
use 102 3 2 10 52
use 103 7 1 28 61
use 104 4 3 20 57
use 105 1 0 23 53
use 106 1 5 26 64
use 107 7 2 24 60
use 108 3 6 28 57
use 109 5 0 12 57
use 110 7 4 28 69
use 111 6 9 27 68
use 112 5 9 30 64
use 113 1 2 15 58
use 114 4 3 16 60
use 115 6 7 11 61
use 116 0 4 21 62
use 117 4 0 25 59
use 118 1 8 11 71
use 119 7 9 11 72
use 120 3 9 17 69
use 121 3 9 24 76
use 122 9 6 15 64
use 123 2 9 20 71
use 124 7 6 24 77
use 125 5 4 29 67
use 126 3 4 25 79
use 127 1 0 30 76
use 128 5 7 15 73
use 129 0 3 24 74
use 130 8 2 12 79
use 131 2 6 13 72
use 132 3 8 29 67
use 133 3 0 11 69
use 134 1 5 20 77
use 135 6 7 20 75
use 136 0 4 10 79
use 137 8 0 13 81
use 138 1 5 23 85
use 139 4 3 25 83
use 140 5 8 13 79
use 141 2 5 10 86
use 142 5 7 21 84
use 143 3 7 26 82
use 144 4 9 10 81
use 145 9 3 10 73
use 146 4 9 21 83
use 147 2 7 26 88
use 148 0 7 29 82
use 149 5 4 16 79
use 150 5 7 27 75
use 151 2 7 28 89
use 152 6 2 27 78
use 153 3 1 26 83
use 154 8 9 19 79
use 155 9 2 21 89
use 156 8 0 26 91
use 157 7 6 16 86
use 158 3 9 20 93
use 159 9 8 12 95
use 160 8 2 30 96
use 161 3 5 26 91
use 162 9 5 20 95
use 163 9 6 26 95
use 164 7 3 22 82
use 165 9 7 15 85
use 166 9 8 15 90
use 167 0 9 14 89
use 168 4 5 26 94
use 169 2 9 16 91
use 170 9 3 24 93
use 171 4 0 18 86
use 172 1 4 26 101
use 173 4 0 28 88
use 174 3 6 14 103
use 175 0 6 15 99
use 176 8 4 30 99
use 177 1 2 21 91
use 178 8 3 15 99
use 179 0 2 16 95
use 180 4 1 23 94
use 181 3 8 17 92
use 182 9 2 14 100
use 183 4 9 26 96
use 184 0 4 10 101
use 185 4 5 28 100
use 186 3 5 24 101
use 187 7 6 28 107
use 188 3 6 28 106
use 189 3 1 25 108
use 190 0 8 16 101
use 191 5 1 12 111
use 192 5 4 28 102
use 193 4 2 15 100
use 194 6 9 26 105
use 195 1 6 10 111
use 196 6 3 27 100
use 197 3 8 24 104
use 198 6 2 20 105
use 199 4 8 20 109
use 200 9 2 18 108
use 201 1 5 21 107
use 202 8 3 10 104
use 203 4 2 13 113
use 204 2 0 25 116
use 205 6 7 28 107
use 206 5 4 28 115
use 207 5 6 27 108
use 208 9 1 15 110
use 209 1 0 30 108
use 210 2 5 18 120
use 211 1 8 26 110
use 212 1 0 14 118
use 213 8 6 11 116
use 214 4 5 23 114
use 215 8 3 26 121
use 216 1 6 29 111
use 217 1 5 24 120
use 218 6 7 20 115
use 219 7 2 29 123
use 220 1 4 12 115
use 221 2 4 27 121
use 222 7 9 26 125
use 223 2 3 28 117
use 224 2 1 20 126
use 225 0 7 17 119
use 226 6 8 25 118
use 227 0 3 17 120
use 228 0 3 21 120
use 229 3 5 23 117
use 230 1 9 30 123
use 231 8 9 11 120
use 232 2 3 26 121
use 233 2 0 14 123
use 234 5 9 29 126
use 235 1 4 15 130
use 236 2 9 14 127
use 237 4 3 27 125
use 238 9 6 23 135
use 239 1 7 23 121
use 240 7 4 13 130
use 241 7 4 20 127
use 242 4 7 28 122
use 243 3 5 18 133
use 244 6 2 13 134
use 245 2 9 17 133
use 246 1 9 16 123
use 247 3 0 14 134
use 248 8 5 20 124
use 249 3 0 19 139
use 250 7 6 24 130
use 251 4 3 19 139
use 252 5 3 20 142
use 253 4 2 21 138
use 254 0 1 27 134
use 255 9 0 11 133
use 256 1 8 18 144
use 257 8 9 12 129
use 258 0 3 10 133
use 259 6 2 10 141
use 260 0 9 16 146
use 261 1 8 16 142
use 262 5 1 17 131
use 263 4 8 27 140
use 264 9 2 20 148
use 265 2 0 24 147
use 266 0 1 30 139
use 267 6 3 10 147
use 268 6 0 19 139
use 269 1 7 16 150
use 270 0 1 16 150
use 271 8 7 30 147
use 272 4 5 25 147
use 273 6 3 18 147
use 274 2 0 12 145
use 275 5 2 12 146
use 276 6 0 20 144
use 277 3 9 30 153
use 278 4 5 18 139
use 279 3 6 27 146
use 280 5 3 23 152
use 281 5 9 28 142
use 282 4 7 30 150
use 283 5 4 25 143
use 284 5 7 16 151
use 285 3 1 21 156
use 286 9 8 12 157
use 287 9 3 14 151
use 288 6 2 18 152
use 289 2 6 24 151
use 290 3 4 26 156
use 291 0 9 11 157
use 292 4 1 10 153
use 293 3 4 10 154
use 294 4 1 28 159
use 295 8 6 10 159
use 296 1 7 21 155
use 297 8 0 11 154
use 298 3 4 13 164
use 299 9 8 29 159
use 300 1 8 11 157
use 301 5 6 23 162
use 302 4 5 11 167
use 303 5 1 17 159
use 304 5 0 29 165
use 305 7 5 11 154
use 306 6 3 17 154
use 307 1 7 26 164
use 308 4 6 21 161
use 309 8 4 23 163
use 310 1 2 14 158
use 311 9 3 26 160
use 312 8 1 22 169
use 313 9 0 29 166
use 314 2 4 13 162
use 315 9 7 17 163
use 316 2 8 27 165
use 317 1 6 12 174
use 318 6 8 20 165
use 319 4 0 12 160
use 320 6 0 22 176
use 321 1 6 14 161
use 322 9 3 27 165
use 323 6 9 17 176
use 324 5 7 24 174
use 325 2 1 17 162
use 326 3 6 19 166
use 327 6 9 19 168
use 328 9 4 14 165
use 329 2 3 24 180
use 330 5 1 13 179
use 331 4 2 20 174
use 332 6 3 27 173
use 333 9 2 10 166
use 334 7 5 16 181
use 335 0 7 28 167
use 336 6 2 12 173
use 337 3 5 18 176
use 338 1 4 18 169
use 339 5 1 17 179
use 340 6 9 30 174
use 341 8 9 30 182
use 342 1 3 12 176
use 343 2 1 25 175
use 344 9 7 30 185
use 345 8 6 15 178
use 346 4 1 30 174
use 347 4 3 23 184
use 348 3 8 12 186
use 349 9 6 14 188
use 350 9 3 28 191
use 351 6 1 14 177
use 352 8 4 21 183
use 353 4 2 10 179
use 354 9 8 20 180
use 355 8 0 23 191
use 356 4 8 23 190
use 357 6 8 19 178
use 358 7 5 25 188
use 359 7 9 17 190
use 360 2 7 13 180
use 361 7 9 12 189
use 362 9 1 12 192
use 363 9 8 24 181
use 364 0 9 27 193
use 365 0 5 18 186
use 366 7 2 13 198
use 367 5 4 15 186
use 368 7 4 26 191
use 369 0 4 12 194
use 370 5 3 23 190
use 371 5 3 21 186
use 372 8 0 23 193
use 373 7 3 18 192
use 374 9 2 22 191
use 375 6 8 26 198
use 376 1 4 30 201
use 377 8 6 23 192
use 378 7 6 10 203
use 379 0 3 23 189
use 380 4 0 26 196
use 381 0 6 24 193
use 382 9 6 22 191
use 383 9 8 14 205
use 384 6 5 26 202
use 385 7 6 28 204
use 386 4 0 14 200
use 387 7 4 19 207
use 388 9 0 24 205
use 389 0 9 21 197
use 390 5 1 20 211
use 391 1 7 20 201
use 392 3 2 21 198
use 393 9 1 26 209
use 394 3 1 13 202
use 395 9 0 23 212
use 396 4 2 24 202
use 397 2 9 16 198
use 398 3 2 20 212
use 399 3 6 15 213
use 400 8 1 11 216
use 401 5 3 30 210
use 402 5 6 23 215
use 403 7 1 20 215
use 404 4 0 14 203
use 405 6 3 28 214
use 406 2 3 22 207
use 407 2 5 24 218
use 408 7 3 22 204
use 409 9 6 27 218
use 410 4 5 15 214
use 411 9 0 24 205
use 412 5 4 16 221
use 413 1 7 18 214
use 414 2 6 11 216
use 415 4 8 23 212
use 416 4 8 24 220
use 417 9 1 19 211
use 418 6 5 15 214
use 419 9 3 15 218
use 420 5 3 22 219
use 421 1 8 16 225
use 422 5 2 28 219
use 423 1 7 21 225
use 424 8 4 16 212
use 425 8 9 15 228
use 426 9 4 15 226
use 427 3 1 13 229
use 428 3 7 16 228
use 429 8 4 19 224
use 430 4 7 16 220
use 431 7 0 16 217
use 432 3 9 29 220
use 433 3 8 11 229
use 434 1 7 29 229
use 435 7 8 25 221
use 436 0 9 23 229
use 437 0 7 11 234
use 438 7 0 28 220
use 439 3 6 13 227
use 440 2 9 19 230
use 441 0 7 19 224
use 442 2 4 26 227
use 443 1 5 29 231
use 444 7 5 15 234
use 445 8 7 29 224
use 446 5 8 17 228
use 447 9 8 11 226
use 448 3 6 16 224
use 449 5 3 10 225
use 450 0 3 25 239
use 451 8 0 20 233
use 452 8 1 19 227
use 453 6 7 30 237
use 454 0 3 19 227
use 455 1 5 19 230
use 456 9 4 11 242
use 457 8 3 22 229
use 458 0 2 18 234
use 459 2 5 14 240
use 460 6 1 18 245
use 461 4 6 11 235
use 462 5 1 13 242
use 463 2 1 29 232
use 464 4 3 19 237
use 465 4 3 24 246
use 466 7 2 28 235
use 467 6 5 11 246
use 468 8 3 18 235
use 469 4 9 27 238
use 470 2 4 17 244
use 471 2 6 27 238
use 472 1 7 26 243
use 473 1 2 28 238
use 474 4 7 28 249
use 475 7 1 13 248
use 476 3 5 12 250
use 477 8 3 10 248
use 478 7 3 15 240
use 479 6 9 22 240
use 480 9 5 12 252
use 481 3 1 16 249
use 482 4 2 28 245
use 483 6 5 25 244
use 484 3 0 23 257
use 485 2 8 21 251
use 486 9 5 20 249
use 487 0 8 27 252
use 488 3 1 16 245
use 489 3 1 23 251
use 490 6 2 14 245
use 491 9 1 20 247
use 492 4 9 17 247
use 493 9 0 14 248
use 494 4 1 11 261
use 495 8 9 21 251
use 496 6 1 15 255
use 497 3 9 11 252
use 498 1 4 10 253
use 499 1 5 15 257
use 500 8 5 27 252
use 501 3 7 16 257
use 502 7 8 11 262
use 503 4 1 29 259
use 504 6 8 21 258
use 505 3 4 16 257
use 506 4 5 18 267
use 507 7 2 25 254
use 508 6 3 15 270
use 509 5 1 16 254
use 510 0 8 23 268
use 511 6 3 16 262
use 512 7 1 23 268
use 513 0 4 22 270
use 514 6 8 21 266
use 515 8 2 21 262
use 516 1 6 12 263
use 517 1 4 18 258
use 518 5 2 21 261
use 519 0 5 19 265
use 520 4 6 18 260
use 521 7 4 21 265
use 522 0 4 21 273
use 523 1 8 10 266
use 524 3 5 30 270
use 525 2 9 12 268
use 526 8 5 28 266
use 527 7 6 23 266
use 528 1 0 16 270
use 529 1 6 25 279
use 530 9 5 11 274
use 531 3 2 12 277
use 532 4 1 16 275
use 533 1 6 21 276
use 534 2 1 29 267
use 535 8 7 10 278
use 536 9 0 10 280
use 537 7 2 11 274
use 538 5 3 14 282
use 539 5 6 20 283
use 540 5 4 24 285
use 541 5 3 21 279
use 542 6 1 23 287
use 543 8 0 21 278
use 544 7 8 19 278
use 545 3 1 24 286
use 546 8 0 25 279
use 547 5 7 28 280
use 548 8 6 18 283
use 549 1 8 15 281
use 550 2 5 24 291
use 551 0 9 15 284
use 552 5 8 19 288
use 553 3 7 27 276
use 554 1 8 16 278
use 555 3 4 16 282
use 556 4 6 26 291
use 557 3 5 28 289
use 558 7 4 18 281
use 559 0 6 25 281
use 560 3 0 25 291
use 561 5 8 23 288
use 562 7 3 10 295
use 563 5 0 28 292
use 564 3 2 11 288
use 565 8 1 14 283
use 566 9 8 19 298
use 567 4 6 29 285
use 568 5 1 26 296
use 569 5 1 17 291
use 570 2 0 18 291
use 571 0 2 27 301
use 572 9 2 16 291
use 573 1 6 24 298
use 574 2 7 30 298
use 575 6 4 25 296
use 576 9 7 16 292
use 577 6 2 27 290
use 578 0 2 21 297
use 579 1 6 25 293
use 580 6 8 17 292
use 581 2 5 10 301
use 582 2 8 15 298
use 583 6 8 10 298
use 584 6 9 12 297
use 585 5 1 21 295
use 586 5 0 12 295
use 587 1 2 25 302
use 588 5 0 28 304
use 589 9 0 17 296
use 590 0 9 11 305
use 591 8 0 28 296
use 592 2 8 18 312
use 593 2 6 25 304
use 594 7 3 22 302
use 595 4 1 20 311
use 596 3 4 21 312
use 597 1 9 19 310
use 598 0 3 21 304
use 599 1 6 19 310
use 600 4 3 19 308
use 601 6 3 13 301
use 602 5 6 14 307
use 603 5 8 19 302
use 604 1 4 13 303
use 605 0 2 23 308
use 606 0 8 12 310
use 607 1 2 14 303
use 608 3 2 15 316
use 609 5 8 12 320
use 610 7 6 14 319
use 611 4 8 25 316
use 612 1 0 14 311
use 613 7 1 16 313
use 614 8 4 17 308
use 615 3 5 19 311
use 616 0 9 14 308
use 617 0 4 10 316
use 618 2 5 15 310
use 619 5 3 22 310
use 620 8 7 11 320
use 621 9 2 27 314
use 622 4 0 14 322
use 623 7 0 24 311
use 624 1 9 20 313
use 625 3 2 28 323
use 626 4 0 18 313
use 627 7 8 10 324
use 628 7 6 11 315
use 629 6 3 26 324
use 630 4 9 20 321
use 631 8 6 29 322
use 632 9 7 29 317
use 633 1 5 16 329
use 634 2 0 30 323
use 635 4 7 10 322
use 636 2 7 20 324
use 637 0 5 23 329
use 638 2 9 27 325
use 639 7 3 29 322
use 640 1 4 16 330
use 641 3 9 15 320
use 642 7 8 17 324
use 643 3 2 22 325
use 644 0 4 23 334
use 645 8 5 25 328
use 646 5 0 15 327
use 647 6 4 28 339
use 648 1 3 25 328
use 649 0 2 11 326
use 650 8 1 23 334
use 651 6 0 19 328
use 652 1 6 11 335
use 653 6 0 12 336
use 654 6 5 27 334
use 655 7 9 30 327
use 656 0 5 14 336
use 657 3 5 21 342
use 658 3 2 30 334
use 659 6 1 19 337
use 660 2 6 10 334
use 661 9 5 27 335
use 662 8 6 27 341
use 663 6 4 23 331
use 664 6 5 23 337
use 665 4 8 29 340
use 666 9 7 28 337
use 667 9 7 10 344
use 668 0 9 15 350
use 669 8 4 10 341
use 670 3 5 18 339
use 671 7 4 23 350
use 672 7 6 15 337
use 673 9 2 21 349
use 674 9 3 18 350
use 675 1 4 24 353
use 676 7 2 15 344
use 677 9 4 10 345
use 678 5 1 20 340
use 679 9 5 11 339
use 680 9 3 12 354
use 681 3 1 11 340
use 682 4 2 23 345
use 683 8 0 24 353
use 684 1 5 19 351
use 685 7 4 30 350
use 686 3 0 18 359
use 687 8 3 19 351
use 688 0 3 25 344
use 689 4 5 16 353
use 690 3 7 29 354
use 691 6 7 20 346
use 692 2 1 21 351
use 693 7 2 23 349
use 694 3 2 13 353
use 695 6 7 18 347
use 696 1 7 19 355
use 697 6 8 15 359
use 698 1 6 16 351
use 699 5 2 15 356
use 700 2 0 26 357
use 701 7 3 18 357
use 702 2 4 23 355
use 703 6 2 26 358
use 704 1 3 21 352
use 705 2 4 17 366
use 706 5 2 17 354
use 707 2 8 13 363
use 708 3 9 12 360
use 709 4 8 24 354
use 710 2 3 16 357
use 711 3 4 29 366
use 712 2 7 24 366
use 713 3 7 14 362
use 714 2 8 15 362
use 715 6 0 15 357
use 716 6 8 14 362
use 717 9 6 17 358
use 718 5 7 25 359
use 719 3 0 20 363
use 720 8 5 19 361
use 721 4 5 22 363
use 722 4 9 23 371
use 723 7 5 16 374
use 724 9 5 18 372
use 725 6 9 18 376
use 726 3 5 27 367
use 727 0 9 17 376
use 728 6 1 30 369
use 729 4 8 24 379
use 730 7 6 14 375
use 731 8 7 28 367
use 732 8 7 25 369
use 733 0 5 28 368
use 734 5 1 25 369
use 735 0 5 15 382
use 736 0 3 10 375
use 737 2 4 23 381
use 738 9 7 10 372
use 739 6 5 10 385
use 740 0 3 18 378
use 741 1 7 13 372
use 742 8 6 20 376
use 743 6 9 11 381
use 744 6 8 19 372
use 745 5 6 19 382
use 746 4 0 13 374
use 747 1 2 26 378
use 748 5 8 26 376
use 749 8 4 17 378
use 750 7 5 10 385
use 751 8 0 22 388
use 752 0 5 29 384
use 753 7 5 29 376
use 754 3 8 17 393
use 755 5 2 16 389
use 756 0 8 10 383
use 757 2 1 15 388
use 758 7 8 28 393
use 759 4 3 29 392
use 760 8 4 13 389
use 761 7 1 17 389
use 762 8 9 27 386
use 763 1 5 19 388
use 764 7 4 26 385
use 765 1 9 20 387
use 766 9 8 26 390
use 767 9 6 10 394
use 768 1 8 15 384
use 769 3 6 17 387
use 770 7 1 28 393
use 771 8 0 13 400
use 772 2 6 15 395
use 773 2 1 11 389
use 774 5 6 27 387
use 775 3 5 13 390
use 776 2 0 14 401
use 777 7 1 15 392
use 778 6 3 20 405
use 779 8 7 12 389
use 780 3 2 18 390
use 781 9 5 22 406
use 782 8 1 18 400
use 783 4 3 11 391
use 784 9 0 26 395
use 785 5 2 17 405
use 786 9 8 13 400
use 787 1 4 19 406
use 788 7 1 12 402
use 789 4 8 10 399
use 790 7 6 30 398
use 791 8 4 28 395
use 792 4 9 26 400
use 793 8 1 16 406
use 794 7 4 21 410
use 795 0 4 27 401
use 796 0 7 10 400
use 797 0 8 30 402
use 798 6 2 26 412
use 799 7 1 27 415
use 800 5 8 27 406
use 801 5 1 28 413
use 802 9 1 15 404
use 803 0 4 12 417
use 804 0 8 18 407
use 805 0 6 20 408
use 806 6 9 24 410
use 807 7 4 26 409
use 808 1 0 28 419
use 809 1 8 16 405
use 810 7 9 10 415
use 811 5 8 13 407
use 812 1 0 21 406
use 813 7 2 20 419
use 814 5 8 23 410
use 815 1 5 10 421
use 816 8 4 23 423
use 817 7 9 13 409
use 818 6 2 19 415
use 819 6 0 13 414
use 820 7 0 16 422
use 821 5 3 15 415
use 822 4 9 24 420
use 823 9 2 18 422
use 824 0 2 11 418
use 825 7 1 26 417
use 826 0 1 19 429
use 827 1 8 28 414
use 828 1 5 12 421
use 829 6 1 17 416
use 830 9 2 13 428
use 831 6 4 29 418
use 832 9 0 18 419
use 833 2 6 26 423
use 834 9 0 12 426
use 835 4 3 28 422
use 836 4 9 24 432
use 837 0 2 17 428
use 838 9 3 24 419
use 839 8 7 20 434
use 840 0 7 25 426
use 841 1 2 26 433
use 842 0 8 27 422
use 843 1 2 23 425
use 844 8 3 21 431
use 845 2 4 23 426
use 846 8 2 13 424
use 847 1 7 11 424
use 848 0 3 27 434
use 849 7 9 20 426
use 850 3 5 18 432
use 851 3 5 17 427
use 852 5 3 24 436
use 853 5 8 24 433
use 854 5 9 23 434
use 855 7 4 27 437
use 856 4 5 15 442
use 857 2 1 27 432
use 858 1 0 24 439
use 859 7 2 20 444
use 860 6 9 14 439
use 861 7 4 13 436
use 862 0 3 14 445
use 863 4 0 15 434
use 864 9 1 28 437
use 865 1 7 29 438
use 866 8 9 27 434
use 867 4 6 28 443
use 868 1 7 18 441
use 869 2 5 29 442
use 870 4 7 21 440
use 871 5 3 28 436
use 872 6 3 20 446
use 873 5 3 12 439
use 874 7 5 30 439
use 875 2 4 24 442
use 876 5 0 15 441
use 877 5 1 20 439
use 878 5 8 25 449
use 879 9 7 23 441
use 880 0 7 20 444
use 881 5 7 16 442
use 882 7 2 20 451
use 883 7 3 24 457
use 884 1 6 28 442
use 885 6 4 27 448
use 886 1 8 12 455
use 887 3 0 23 458
use 888 7 9 28 451
use 889 8 3 22 448
use 890 1 2 11 447
use 891 5 7 20 452
use 892 6 5 13 457
use 893 8 3 17 447
use 894 1 7 30 451
use 895 2 9 13 447
use 896 2 9 14 455
use 897 1 6 21 456
use 898 7 5 20 461
use 899 2 3 11 455
use 900 7 0 26 454
use 901 7 4 24 460
use 902 8 1 16 463
use 903 3 0 12 464
use 904 1 0 24 461
use 905 2 3 26 461
use 906 7 1 27 457
use 907 2 5 29 453
use 908 6 2 25 466
use 909 2 8 15 455
use 910 2 9 16 463
use 911 2 8 10 456
use 912 5 1 23 463
use 913 5 8 16 460
use 914 6 8 11 462
use 915 2 3 27 459
use 916 3 2 21 466
use 917 0 9 20 474
use 918 2 1 23 460
use 919 7 1 25 470
use 920 9 7 28 462
use 921 1 5 27 461
use 922 6 3 24 464
use 923 2 3 24 476
use 924 3 6 26 462
use 925 8 7 14 465
use 926 7 8 16 466
use 927 6 1 25 466
use 928 5 1 21 476
use 929 3 8 16 476
use 930 4 6 21 473
use 931 5 0 27 466
use 932 1 0 24 468
use 933 6 7 21 476
use 934 9 8 24 474
use 935 9 5 20 467
use 936 4 5 14 473
use 937 6 5 13 476
use 938 7 6 11 483
use 939 5 4 21 485
use 940 2 6 10 480
use 941 1 6 27 476
use 942 5 8 19 484
use 943 4 3 19 476
use 944 0 9 25 472
use 945 6 5 20 479
use 946 7 2 10 482
use 947 3 4 25 481
use 948 8 2 24 482
use 949 4 9 19 485
use 950 3 9 26 477
use 951 1 4 26 488
use 952 7 8 11 477
use 953 2 7 30 477
use 954 4 0 20 481
use 955 6 7 12 479
use 956 4 3 23 486
use 957 6 9 14 479
use 958 9 0 22 491
use 959 5 7 23 482
use 960 4 3 11 494
use 961 5 1 15 492
use 962 8 4 25 486
use 963 5 9 13 485
use 964 1 7 10 487
use 965 9 1 17 490
use 966 2 9 17 487
use 967 3 7 24 493
use 968 3 6 24 495
use 969 6 3 30 494
use 970 3 4 26 492
use 971 1 8 23 491
use 972 8 5 26 489
use 973 0 3 12 499
use 974 9 2 11 487
use 975 6 8 27 492
use 976 6 1 12 495
use 977 3 1 14 492
use 978 1 6 27 504
use 979 6 5 11 500
use 980 1 5 25 499
use 981 7 3 10 502
use 982 9 0 12 506
use 983 8 9 18 491
use 984 6 1 18 505
use 985 6 2 21 503
use 986 0 9 30 509
use 987 7 2 17 500
use 988 4 1 17 497
use 989 1 7 28 498
use 990 3 0 20 506
use 991 0 2 30 498
use 992 3 5 21 496
use 993 5 0 30 506
use 994 4 3 30 501
use 995 5 8 19 498
use 996 6 8 15 508
use 997 2 8 17 506
use 998 1 8 27 499
use 999 2 1 15 500
use 1000 8 6 17 505
use 1001 3 7 11 516
use 1002 9 4 25 512
use 1003 8 5 11 509
use 1004 1 4 28 510
use 1005 8 2 27 507
use 1006 5 2 18 514
use 1007 4 9 16 509
use 1008 6 9 15 504
use 1009 4 5 19 506
use 1010 7 2 24 510
use 1011 0 6 22 516
use 1012 6 8 15 507
use 1013 5 7 29 511
use 1014 4 0 23 508
use 1015 3 7 22 510
use 1016 0 7 10 515
use 1017 5 8 23 518
use 1018 2 1 29 523
use 1019 9 0 16 509
use 1020 6 2 26 517
use 1021 4 1 10 511
use 1022 0 4 29 522
use 1023 2 4 19 524
use 1024 9 1 25 525
use 1025 9 1 20 522
use 1026 2 9 26 524
use 1027 9 8 28 515
use 1028 3 1 28 528
use 1029 6 8 22 521
use 1030 2 5 25 519
use 1031 2 0 17 515
use 1032 6 1 26 528
use 1033 7 5 10 525
use 1034 1 2 22 525
use 1035 4 6 17 529
use 1036 2 6 14 533
use 1037 2 4 13 523
use 1038 0 1 14 532
use 1039 5 2 12 528
use 1040 7 9 29 528
use 1041 6 8 26 524
use 1042 0 6 25 534
use 1043 7 9 27 531
use 1044 3 8 23 525
use 1045 1 0 20 530
use 1046 6 4 28 531
use 1047 7 1 22 534
use 1048 5 7 10 537
use 1049 6 9 18 525
use 1050 7 5 25 539
use 1051 3 7 23 527
use 1052 6 4 18 539
use 1053 5 4 29 527
use 1054 4 9 30 535
use 1055 3 2 12 532
use 1056 1 6 19 541
use 1057 1 9 26 538
use 1058 6 9 22 534
use 1059 9 2 15 530
use 1060 0 8 16 536
use 1061 1 2 17 537
use 1062 5 2 10 544
use 1063 4 7 22 540
use 1064 3 2 15 540
use 1065 9 3 11 538
use 1066 3 4 13 548
use 1067 9 4 15 547
use 1068 3 2 21 539
use 1069 7 3 24 546
use 1070 6 9 17 548
use 1071 1 0 16 539
use 1072 3 7 22 548
use 1073 8 2 27 549
use 1074 2 0 23 550
use 1075 1 7 28 540
use 1076 9 0 25 548
use 1077 7 1 17 552
use 1078 1 3 23 543
use 1079 5 6 19 549
use 1080 8 1 26 549
use 1081 4 8 20 541
use 1082 2 8 25 541
use 1083 8 5 14 550
use 1084 0 6 28 550
use 1085 2 8 24 542
use 1086 4 9 30 545
use 1087 2 4 23 552
use 1088 2 1 23 555
use 1089 0 2 10 544
use 1090 3 4 19 553
use 1091 6 7 30 555
use 1092 1 3 21 561
use 1093 1 4 17 555
use 1094 4 8 21 551
use 1095 3 2 16 554
use 1096 9 8 22 555
use 1097 9 1 27 554
use 1098 0 8 22 556
use 1099 3 5 18 551
use 1100 0 2 12 556
use 1101 5 8 25 551
use 1102 3 2 22 561
use 1103 6 7 26 553
use 1104 5 2 18 552
use 1105 0 9 24 553
use 1106 7 4 28 566
use 1107 4 8 18 565
use 1108 9 2 13 563
use 1109 6 7 11 564
use 1110 2 6 25 570
use 1111 2 3 23 562
use 1112 4 0 14 561
use 1113 1 8 20 562
use 1114 2 5 11 559
use 1115 0 2 16 557
use 1116 5 1 17 558
use 1117 8 5 27 574
use 1118 0 5 23 573
use 1119 2 5 28 573
use 1120 3 0 12 575
use 1121 1 3 23 565
use 1122 0 5 27 573
use 1123 3 7 10 577
use 1124 4 3 21 566
use 1125 7 9 30 563
use 1126 6 2 16 574
use 1127 1 5 25 574
use 1128 3 1 19 569
use 1129 4 0 23 579
use 1130 2 0 17 577
use 1131 0 6 18 581
use 1132 2 1 29 575
use 1133 2 0 14 576
use 1134 3 1 12 570
use 1135 3 1 19 576
use 1136 8 7 21 582
use 1137 3 1 20 569
use 1138 8 9 23 580
use 1139 2 4 24 577
use 1140 6 0 21 586
use 1141 9 7 17 575
use 1142 9 2 13 580
use 1143 3 8 17 585
use 1144 6 2 16 581
use 1145 3 9 25 577
use 1146 6 8 24 586
use 1147 2 5 25 582
use 1148 2 8 26 587
use 1149 4 7 27 579
use 1150 8 3 28 590
use 1151 3 6 11 589
use 1152 9 7 19 586
use 1153 1 5 14 592
use 1154 3 2 30 585
use 1155 1 2 10 590
use 1156 4 6 15 590
use 1157 4 6 19 581
use 1158 2 6 24 595
use 1159 7 8 11 594
use 1160 7 8 28 590
use 1161 8 5 29 581
use 1162 3 8 12 595
use 1163 7 5 17 595
use 1164 0 1 11 594
use 1165 6 0 19 582
use 1166 6 9 13 593
use 1167 5 3 13 590
use 1168 4 9 14 593
use 1169 9 8 22 596
use 1170 5 4 19 587
use 1171 1 0 11 595
use 1172 3 8 17 594
use 1173 4 2 27 594
use 1174 2 0 29 597
use 1175 1 4 15 599
use 1176 3 7 11 592
use 1177 8 5 12 596
use 1178 9 7 28 589
use 1179 0 6 11 601
use 1180 3 2 24 590
use 1181 2 9 30 606
use 1182 7 2 30 591
use 1183 7 8 13 592
use 1184 0 9 29 596
use 1185 2 3 12 602
use 1186 0 1 17 600
use 1187 5 9 11 599
use 1188 8 7 20 594
use 1189 9 0 29 601
use 1190 6 7 13 595
use 1191 6 9 21 610
use 1192 9 2 26 609
use 1193 0 9 12 596
use 1194 5 9 27 608
use 1195 5 1 12 602
use 1196 6 0 13 600
use 1197 8 2 14 604
use 1198 5 0 20 610
use 1199 6 9 15 615
use 1200 4 6 24 602
use 1201 9 0 18 616
use 1202 0 6 20 606
use 1203 4 0 25 603
use 1204 9 2 28 607
use 1205 7 3 14 610
use 1206 7 4 11 604
use 1207 3 7 22 608
use 1208 8 5 20 618
use 1209 0 6 12 609
use 1210 3 6 10 614
use 1211 4 3 18 606
use 1212 0 2 15 619
use 1213 2 6 19 610
use 1214 0 6 15 611
use 1215 3 8 13 607
use 1216 3 7 23 619
use 1217 5 3 14 622
use 1218 6 5 22 613
use 1219 8 0 29 617
use 1220 6 8 18 617
use 1221 6 3 28 611
use 1222 5 4 14 627
use 1223 5 3 12 613
use 1224 9 0 16 628
use 1225 8 9 13 623
use 1226 4 7 22 623
use 1227 3 6 17 627
use 1228 8 4 15 615
use 1229 5 8 16 630
use 1230 2 8 11 628
use 1231 2 4 15 620
use 1232 1 2 21 632
use 1233 8 4 28 618
use 1234 8 4 24 629
use 1235 9 7 27 620
use 1236 1 6 18 627
use 1237 8 4 19 628
use 1238 8 7 10 623
use 1239 5 3 23 635
use 1240 5 0 24 620
use 1241 6 3 25 629
use 1242 6 9 21 622
use 1243 4 6 22 630
use 1244 1 9 16 627
use 1245 2 6 21 634
use 1246 8 9 23 638
use 1247 6 0 27 632
use 1248 4 0 12 639
use 1249 7 8 28 624
use 1250 5 6 11 632
use 1251 6 2 19 627
use 1252 7 3 12 639
use 1253 6 9 11 628
use 1254 5 3 28 640
use 1255 0 8 14 632
use 1256 0 6 20 635
use 1257 5 6 26 639
use 1258 5 1 27 640
use 1259 7 6 13 636
use 1260 5 4 19 645
use 1261 4 5 17 635
use 1262 7 0 14 638
use 1263 9 1 25 643
use 1264 7 9 21 632
use 1265 0 5 28 639
use 1266 9 6 23 636
use 1267 8 2 22 633
use 1268 1 8 11 649
use 1269 6 3 29 646
use 1270 3 9 13 646
use 1271 4 6 26 649
use 1272 6 3 12 644
use 1273 4 9 28 641
use 1274 4 7 27 643
use 1275 8 1 21 642
use 1276 7 2 11 642
use 1277 2 7 14 640
use 1278 0 5 16 650
use 1279 9 2 11 647
use 1280 1 7 13 653
use 1281 7 9 17 640
use 1282 4 2 23 648
use 1283 1 9 14 650
use 1284 4 2 10 643
use 1285 7 9 16 656
use 1286 1 0 18 648
use 1287 7 4 12 654
use 1288 6 8 17 660
use 1289 9 1 10 655
use 1290 4 5 30 650
use 1291 8 9 10 651
use 1292 4 0 26 646
use 1293 0 6 11 655
use 1294 6 9 21 659
use 1295 8 7 13 659
use 1296 7 8 15 658
use 1297 0 2 27 651
use 1298 5 2 14 661
use 1299 5 9 19 665
use 1300 1 5 11 657
use 1301 9 8 23 666
use 1302 2 4 22 665
use 1303 9 0 24 657
use 1304 3 7 25 666
use 1305 7 6 12 657
use 1306 9 2 23 665
use 1307 0 2 15 658
use 1308 2 3 26 656
use 1309 3 2 20 656
use 1310 6 4 29 656
use 1311 0 4 19 668
use 1312 9 0 13 656
use 1313 6 0 12 659
use 1314 1 3 24 664
use 1315 7 2 16 666
use 1316 2 7 30 668
use 1317 4 1 23 659
use 1318 1 2 22 672
use 1319 1 9 30 665
use 1320 0 6 24 662
use 1321 5 4 23 662
use 1322 6 9 18 667
use 1323 8 0 27 665
use 1324 7 9 15 671
use 1325 5 3 25 672
use 1326 7 5 26 670
use 1327 1 0 13 672
use 1328 7 2 22 678
use 1329 7 0 18 679
use 1330 2 0 19 672
use 1331 1 7 27 672
use 1332 8 7 21 680
use 1333 1 8 27 667
use 1334 9 7 13 683
use 1335 1 5 25 675
use 1336 1 2 20 678
use 1337 4 9 21 672
use 1338 6 7 24 680
use 1339 5 3 21 680
use 1340 1 4 17 674
use 1341 1 6 22 678
use 1342 8 4 12 678
use 1343 5 7 30 674
use 1344 2 4 23 685
use 1345 7 4 29 679
use 1346 6 9 18 679
use 1347 3 4 13 681
use 1348 9 8 20 682
use 1349 5 9 10 682
use 1350 6 4 27 676
use 1351 2 5 11 679
use 1352 4 0 16 691
use 1353 1 3 10 686
use 1354 4 6 18 691
use 1355 8 4 24 681
use 1356 9 1 17 693
use 1357 7 0 24 691
use 1358 2 3 12 685
use 1359 9 5 27 689
use 1360 0 7 30 684
use 1361 6 4 24 685
use 1362 2 3 15 685
use 1363 9 4 23 697
use 1364 1 7 12 687
use 1365 7 4 24 697
use 1366 3 0 27 692
use 1367 1 7 29 698
use 1368 1 4 21 690
use 1369 5 1 16 699
use 1370 8 5 11 698
use 1371 0 3 24 690
use 1372 0 8 20 694
use 1373 3 9 11 694
use 1374 0 5 16 699
use 1375 9 4 13 702
use 1376 9 3 13 703
use 1377 8 4 23 697
use 1378 0 8 13 691
use 1379 8 5 28 695
use 1380 9 7 17 697
use 1381 3 9 12 695
use 1382 7 3 15 704
use 1383 7 2 16 701
use 1384 9 8 19 704
use 1385 8 4 22 697
use 1386 6 1 21 699
use 1387 9 8 21 708
use 1388 7 3 28 710
use 1389 1 8 27 701
use 1390 6 1 12 695
use 1391 1 3 30 702
use 1392 6 5 20 697
use 1393 6 1 10 703
use 1394 3 6 24 705
use 1395 8 5 14 701
use 1396 0 7 16 706
use 1397 0 8 16 714
use 1398 3 2 10 715
use 1399 2 7 21 709
use 1400 3 0 27 704
use 1401 1 4 10 700
use 1402 4 0 22 701
use 1403 9 4 29 711
use 1404 8 0 12 702
use 1405 7 4 30 718
use 1406 2 9 13 705
use 1407 1 5 20 710
use 1408 3 5 20 718
use 1409 4 5 21 712
use 1410 6 5 19 714
use 1411 7 9 22 717
use 1412 3 1 24 720
use 1413 9 2 23 716
use 1414 6 5 15 721
use 1415 4 6 15 715
use 1416 5 6 30 718
use 1417 3 0 30 710
use 1418 2 8 16 710
use 1419 5 2 27 725
use 1420 9 0 24 714
use 1421 9 3 12 719
use 1422 0 8 13 725
use 1423 5 4 18 712
use 1424 6 2 18 724
use 1425 4 1 20 719
use 1426 4 5 30 721
use 1427 1 0 15 722
use 1428 4 6 10 715
use 1429 8 6 11 714
use 1430 9 0 26 722
use 1431 5 1 23 731
use 1432 2 9 25 717
use 1433 0 2 27 732
use 1434 3 0 19 727
use 1435 2 3 19 723
use 1436 2 0 11 727
use 1437 0 4 23 719
use 1438 6 4 18 730
use 1439 7 1 18 731
use 1440 0 3 24 721
use 1441 3 2 21 724
use 1442 7 3 10 732
use 1443 0 6 17 728
use 1444 7 6 26 731
use 1445 1 2 11 724
use 1446 4 6 17 735
use 1447 6 4 20 725
use 1448 2 4 26 734
use 1449 2 8 24 733
use 1450 4 6 21 725
use 1451 7 1 11 732
use 1452 3 8 19 736
use 1453 1 8 26 740
use 1454 9 7 10 738
use 1455 3 7 12 742
use 1456 4 3 25 741
use 1457 9 5 11 741
use 1458 0 1 20 741
use 1459 7 0 17 741
use 1460 6 2 29 744
use 1461 1 8 13 745
use 1462 2 9 15 739
use 1463 2 5 28 741
use 1464 5 2 22 739
use 1465 0 1 15 748
use 1466 8 9 12 749
use 1467 5 1 19 749
use 1468 4 7 24 737
use 1469 4 7 13 743
use 1470 4 8 10 748
use 1471 5 3 30 739
use 1472 1 8 21 743
use 1473 6 9 23 750
use 1474 6 2 10 747
use 1475 0 2 11 737
use 1476 8 2 27 738
use 1477 9 8 12 752
use 1478 2 1 17 744
use 1479 3 1 28 739
use 1480 0 9 25 752
use 1481 5 0 26 749
use 1482 4 9 12 749
use 1483 5 9 12 746
use 1484 3 4 23 742
use 1485 3 9 15 752
use 1486 8 0 15 745
use 1487 7 1 23 747
use 1488 6 9 30 749
use 1489 1 7 23 758
use 1490 5 9 18 756
use 1491 8 5 30 745
use 1492 8 3 30 746
use 1493 2 0 11 756
use 1494 5 4 17 752
use 1495 8 7 27 748
use 1496 1 6 20 760
use 1497 3 5 16 749
use 1498 8 3 20 762
use 1499 8 4 11 752